Daedalon - Precision Geiger Counter
Zählmodus: 100 Ereignisse
Uhrzeit 1. Messpunkt: 3/23/2023 3:49:21 PM
Zeit (ms)	Zählrate (1/min)
0	40
15122	56
30146	36
45274	56
60398	76
75521	32
90637	32
105677	28
120800	36
135922	56
151047	24
166076	36
181216	80
196346	16
211472	36
226502	32
241641	44
256683	28
271832	44
286969	48
302082	36
317107	32
332224	28
347349	64
362484	28
377521	16
392633	44
407766	48
422891	40
437932	36
453054	12
468174	40
483306	32
498330	44
513449	36
528575	36
543697	28
558815	28
573839	16
588965	16
604085	56
619207	32
634326	20
649363	44
664482	16
679606	44
694746	16
709854	28
724884	64
740011	40
755133	24
770256	48
785278	48
800396	16
815527	36
830654	32
845682	52
860808	8
875932	28
891057	28
897071	24
