Daedalon - Precision Geiger Counter
Zählmodus: 100 Ereignisse
Uhrzeit 1. Messpunkt: 3/23/2023 4:12:11 PM
Zeit (ms)	Zählrate (1/min)
0	928
15124	816
30262	876
45385	840
60502	696
75530	716
90647	632
105776	580
120910	604
136037	528
151162	548
166281	480
181409	456
196533	404
211560	408
226682	320
241793	388
256929	308
272063	188
287198	252
302327	264
317375	252
332547	248
347688	212
362715	240
377841	200
392972	172
408104	224
423232	196
438360	200
453476	128
468601	180
483640	152
498770	132
513892	152
529030	80
544152	136
559277	124
574396	88
589426	96
604549	84
619678	84
622184	60
